
# Parámetros para el cálculo de la radiación, por país
srad_parameters <- list(
  'PY' = list(
    'bc' = c(A = 0.714, B = 0.007, C = 2.26),
    'svk' = c(A = 0.095, B = 0.345, C = -1.04),
    'ap' = c(A = 0.523, B = 0.232)
  ),
  'AR' = list(
    'ap' = c(A = 0.58, B = 0.2),
    'bc' = c(A = 0.69, B = 0.02, C = 2.12),
    'svk' = c(A = 0.06, B = 0.47, C = 0.8)
  ),
  'UY' = list(
    'ap' = c(A = 0.58, B = 0.2),
    'bc' = c(A = 0.69, B = 0.02, C = 2.12),
    'svk' = c(A = 0.06, B = 0.47, C = 0.8)
  ),
  'BO' = list(
    'ap' = c(A = 0.58, B = 0.2),
    'bc' = c(A = 0.69, B = 0.02, C = 2.12),
    'svk' = c(A = 0.06, B = 0.47, C = 0.8)
  ),
  'BR' = list(
    'ap' = c(A = 0.58, B = 0.2),
    'bc' = c(A = 0.69, B = 0.02, C = 2.12),
    'svk' = c(A = 0.06, B = 0.47, C = 0.8)
  ),
  'CL' = list(
    'ap' = c(A = 0.58, B = 0.2),
    'bc' = c(A = 0.69, B = 0.02, C = 2.12),
    'svk' = c(A = 0.06, B = 0.47, C = 0.8)
  )
)
